P2
91 149 255
0 0 0 0 0 0 0 0 0 0 0 0 0 0 0 0 0 0 0 0 0 0 0 0 0 0 0 0 0 0 0 0 0 0 0 0 0 0 0 0 0 0 0 0 0 0 0 0 0 51 34 47 102 63 102 131 0 0 0 0 0 0 0 0 0 0 0 0 0 0 0 0 0 0 0 0 0 0 0 0 0 0 0 0 0 0 0 0 0 0 0 
0 0 0 0 0 0 0 0 0 0 0 0 0 0 0 0 0 0 0 0 0 0 0 0 0 0 0 0 0 0 0 0 0 0 0 0 0 0 0 0 0 0 0 0 0 0 0 0 72 46 132 89 21 25 81 94 34 0 0 0 0 0 0 0 0 0 0 0 0 0 0 0 0 0 0 0 0 0 0 0 0 0 0 0 0 0 0 0 0 0 0 
0 0 0 0 0 0 0 0 0 0 0 0 0 0 0 0 0 0 0 0 0 0 0 0 0 0 0 0 0 0 0 0 0 0 0 0 0 0 0 0 0 0 0 0 0 0 127 43 76 111 0 0 0 0 8 68 47 0 0 0 0 0 0 0 0 0 0 0 0 0 0 0 0 0 0 0 0 0 0 0 0 0 0 0 0 0 0 0 0 0 0 
0 0 0 0 0 0 0 0 0 0 0 0 0 0 0 0 0 0 0 0 0 0 0 0 0 0 0 0 0 0 0 0 0 0 0 0 0 0 0 0 0 0 0 0 0 127 212 85 60 0 0 0 0 0 0 55 60 76 0 0 0 0 0 0 0 51 25 8 21 25 47 0 0 0 0 0 0 0 0 0 0 0 0 0 0 0 0 0 0 0 0 
0 0 0 0 0 0 0 0 0 0 0 0 0 0 0 0 0 0 0 0 0 0 0 0 0 0 0 0 0 0 0 0 0 0 0 0 0 0 0 0 0 0 0 0 0 72 68 94 0 0 0 0 0 0 0 68 55 153 0 0 0 0 0 0 72 42 60 107 85 98 102 102 34 0 0 0 0 0 0 0 0 0 0 0 0 0 0 0 0 0 0 
0 0 0 0 0 0 0 0 0 0 0 0 0 0 0 0 0 0 0 0 0 0 0 0 0 0 0 0 0 0 0 0 0 0 0 0 0 0 0 0 0 0 0 0 51 21 94 0 0 0 0 0 0 0 0 115 43 47 47 25 47 76 0 55 59 103 68 0 0 0 0 68 77 25 0 0 0 0 0 0 0 0 0 0 0 0 0 0 0 0 0 
0 0 0 0 0 0 0 0 0 0 0 0 0 0 0 0 0 0 0 0 0 0 0 0 0 0 0 0 0 0 0 0 0 0 0 0 0 0 0 0 0 0 0 0 81 115 0 0 0 0 0 0 0 0 34 90 81 55 55 64 29 131 34 34 68 0 0 0 0 0 0 25 77 47 0 0 0 0 0 0 0 0 0 0 0 0 0 0 0 0 0 
0 0 0 0 0 0 0 0 0 0 0 0 0 0 0 0 0 0 0 0 0 0 0 0 0 0 0 0 0 0 0 0 0 0 0 0 0 0 0 0 0 0 0 47 47 43 0 0 0 0 0 0 0 0 55 60 103 21 34 55 81 102 102 68 102 47 0 0 0 0 0 0 55 68 0 0 0 0 0 0 0 0 0 0 0 0 0 0 0 0 0 
0 0 0 0 0 0 0 0 0 0 0 0 0 0 0 0 0 0 0 0 0 0 0 0 0 0 0 0 0 0 0 0 0 0 0 0 0 0 0 0 0 0 0 34 90 0 0 0 0 0 0 0 0 0 158 102 68 0 0 0 0 34 68 102 124 81 77 0 0 0 0 0 34 90 0 0 0 0 0 0 0 0 0 0 0 0 0 0 0 0 0 
0 0 0 0 0 0 0 0 0 0 0 0 0 0 0 0 0 0 0 0 0 0 0 0 0 0 0 0 0 0 0 0 0 0 0 0 0 0 0 0 0 0 0 102 60 0 0 0 0 0 0 0 0 89 60 115 0 0 0 0 0 0 0 34 81 85 85 102 21 0 0 0 55 68 0 0 0 0 0 0 0 0 0 0 0 0 0 0 0 0 0 
0 0 0 0 0 0 0 0 0 0 0 0 0 0 0 0 0 0 0 0 0 0 0 0 0 0 0 0 0 0 0 0 0 0 0 0 0 0 0 0 0 0 72 60 38 0 0 0 0 0 0 0 55 128 149 43 0 0 0 0 0 0 0 0 0 68 102 128 102 21 0 0 124 63 0 0 0 0 0 0 0 0 0 0 0 0 0 0 0 0 0 
0 0 0 0 0 0 0 0 0 0 0 0 0 0 0 0 0 0 0 0 0 0 0 0 0 0 0 0 0 0 0 0 0 0 0 0 0 0 0 0 0 47 60 132 34 0 0 0 0 0 0 21 128 128 68 0 0 0 0 0 0 0 0 0 0 0 55 102 128 81 0 55 42 127 0 0 0 0 0 0 0 0 0 0 0 0 0 0 0 0 0 
0 0 0 0 0 0 0 0 0 0 0 0 0 0 0 0 0 0 0 0 0 0 0 0 0 0 0 0 0 0 0 0 0 0 0 0 0 0 0 0 47 94 46 17 55 0 0 0 0 0 0 124 94 51 0 0 0 0 0 0 0 0 0 0 0 0 0 55 81 94 77 111 76 0 0 0 0 0 0 0 0 0 0 0 0 0 0 0 0 0 0 
0 0 0 0 0 0 0 0 0 0 0 0 0 0 0 0 0 0 0 0 0 0 0 0 0 0 0 0 0 0 0 0 0 0 0 0 0 0 0 72 73 72 42 55 68 47 0 0 0 0 47 51 68 0 0 0 0 0 0 0 0 0 0 0 0 0 0 0 94 85 55 42 153 0 0 0 0 0 0 0 0 0 0 0 0 0 0 0 0 0 0 
0 0 0 0 0 0 0 0 0 0 0 0 0 0 0 0 0 0 0 0 0 0 0 0 0 0 0 0 0 0 0 0 0 0 0 0 0 0 47 21 94 0 0 68 64 55 0 0 0 0 8 17 0 0 0 0 0 0 0 0 0 0 0 0 0 0 0 0 34 102 123 119 0 0 0 0 0 0 0 0 0 0 0 0 0 0 0 0 0 0 0 
0 0 0 0 0 0 0 0 0 0 0 0 0 0 0 0 0 0 0 0 0 0 0 0 0 0 0 0 0 0 0 0 0 0 0 0 0 0 55 115 0 0 0 25 55 111 0 0 0 0 0 0 0 0 0 0 0 0 0 0 0 0 0 0 0 0 0 0 0 55 68 42 76 0 0 0 0 0 0 0 0 0 0 0 0 0 0 0 0 0 0 
0 0 0 0 0 0 0 0 0 0 0 0 0 0 0 0 0 0 0 0 0 0 0 0 0 0 0 0 0 0 0 0 0 0 0 0 0 98 72 43 0 0 0 0 0 0 0 0 0 0 0 0 0 0 0 0 0 0 0 0 0 0 0 0 0 0 0 0 0 0 77 106 131 0 0 0 0 0 0 0 0 0 0 0 0 0 0 0 0 0 0 
0 0 0 0 0 0 0 0 0 0 0 0 0 0 0 0 0 0 0 0 0 0 0 0 0 0 0 0 0 0 0 0 0 0 0 0 76 93 111 0 0 0 0 0 0 0 0 0 0 0 0 0 0 0 0 0 0 0 0 0 0 0 0 0 0 0 0 0 0 0 21 81 68 59 0 0 0 0 0 0 0 0 0 0 0 0 0 0 0 0 0 
0 0 0 0 0 0 0 0 0 0 0 0 0 0 0 0 0 0 0 0 0 0 0 0 0 0 0 0 0 0 0 0 0 0 0 0 25 60 51 0 0 0 0 0 0 0 0 0 0 0 0 0 0 0 0 0 0 0 0 0 0 0 0 0 0 0 0 0 0 0 0 34 43 85 0 0 0 0 0 0 0 0 0 0 0 0 0 0 0 0 0 
0 0 0 0 0 0 0 0 0 0 0 0 0 0 0 0 0 0 0 0 0 0 0 0 0 0 0 0 0 0 0 0 0 0 0 0 85 103 0 0 0 0 0 0 0 0 0 0 0 0 0 0 0 0 0 0 0 0 0 0 0 0 0 0 0 0 0 0 0 0 0 0 68 81 47 0 0 0 0 0 0 0 0 0 0 0 0 0 0 0 0 
0 0 0 0 0 0 0 0 0 0 0 0 0 0 0 0 0 0 0 0 0 0 0 0 0 0 0 0 0 0 0 0 0 0 0 51 21 68 0 0 0 0 0 0 0 0 0 0 0 0 0 0 0 0 0 0 0 0 0 0 0 0 0 0 0 0 0 0 0 0 0 0 21 55 81 63 0 0 0 0 0 0 0 0 0 0 0 0 0 0 0 
0 0 0 0 0 0 0 0 0 0 0 0 0 0 0 0 0 0 0 0 0 0 0 0 0 0 0 0 0 0 0 0 0 0 0 47 55 0 0 0 0 0 0 0 0 0 0 0 0 0 0 0 0 0 0 0 0 0 0 0 0 0 0 0 0 0 0 0 0 0 0 0 0 21 39 68 59 0 0 0 0 0 0 0 0 0 0 0 0 0 0 
0 0 0 0 0 0 0 0 0 0 0 0 0 0 0 0 0 0 0 0 0 0 0 0 0 0 0 0 0 0 0 0 0 0 0 47 77 0 0 0 0 0 0 0 0 0 0 0 0 0 0 0 0 0 0 0 0 0 0 0 0 0 0 0 0 0 0 0 0 0 0 0 0 0 34 43 63 63 0 0 0 0 0 0 0 0 0 0 0 0 0 
0 0 0 0 0 0 0 0 0 0 0 0 0 0 0 0 0 0 0 0 0 0 0 0 0 0 0 0 0 0 0 0 0 0 0 145 46 0 0 0 0 0 0 0 0 0 0 0 0 0 0 0 0 0 0 0 0 0 0 0 0 0 0 0 0 0 0 0 0 0 0 0 0 0 0 47 55 71 51 0 0 0 0 0 0 0 0 0 0 0 0 
0 0 0 0 0 0 0 0 0 0 0 0 0 0 0 0 0 0 0 0 0 0 0 0 0 0 0 0 0 0 0 0 0 0 76 8 43 0 0 0 0 0 0 0 0 0 0 0 0 0 0 0 0 0 0 0 0 0 0 0 0 0 0 0 0 0 0 0 0 0 0 0 0 0 0 0 47 51 68 51 0 0 0 0 0 0 0 0 0 0 0 
0 0 0 0 0 0 0 0 0 0 0 0 0 0 0 0 0 0 0 0 0 0 0 0 0 0 0 0 0 0 0 0 0 0 72 34 0 0 0 0 0 0 0 0 0 0 0 0 0 0 0 0 0 0 0 0 0 0 0 0 0 0 0 0 0 0 0 0 0 0 0 0 0 0 0 0 0 34 51 68 76 0 0 0 0 0 0 0 0 0 0 
0 0 0 0 0 0 0 0 0 0 0 0 0 0 0 0 0 0 0 0 0 0 0 0 0 0 0 0 0 0 0 0 0 0 68 46 0 0 0 0 0 0 0 0 0 0 0 0 0 0 0 0 0 0 0 0 0 0 0 0 0 0 0 0 0 0 72 94 77 21 0 0 0 0 0 0 0 0 68 55 131 0 0 0 0 0 0 0 0 0 0 
0 0 0 0 0 0 0 0 0 0 0 0 0 0 0 0 0 0 0 0 0 0 0 0 0 0 0 0 0 0 0 0 0 0 81 43 0 0 0 0 0 0 0 0 0 0 0 0 0 0 0 0 0 0 0 0 0 0 0 0 0 0 0 0 0 119 60 89 107 43 0 0 0 0 0 0 0 0 55 25 59 0 0 0 0 0 0 0 0 0 0 
0 0 0 0 0 0 0 0 0 0 0 0 0 0 0 0 0 0 0 0 0 0 0 0 0 0 0 0 0 0 0 0 0 0 153 0 0 0 0 0 0 0 0 0 0 0 0 0 0 0 0 0 0 0 0 0 0 0 0 0 0 0 0 0 72 38 46 25 51 0 0 0 0 0 0 0 0 0 55 38 119 0 0 0 0 0 0 0 0 0 0 
0 0 0 0 0 0 0 0 0 0 0 0 0 0 0 0 0 0 0 0 0 0 0 0 0 0 0 0 0 17 26 8 34 98 69 0 0 0 0 0 0 0 0 0 0 0 0 0 0 0 0 0 0 0 0 0 0 0 0 0 0 0 0 25 29 43 0 0 0 0 0 0 0 0 0 0 0 0 136 51 0 0 0 0 0 0 0 0 0 0 0 
0 0 0 0 0 0 0 0 0 0 0 0 0 0 0 0 0 0 0 0 0 0 0 0 0 0 0 0 52 26 26 52 21 34 68 0 0 0 0 0 0 0 0 0 0 0 0 0 0 0 0 0 0 0 0 0 0 0 0 0 0 0 0 0 0 0 0 0 0 0 0 0 0 0 0 0 0 89 16 102 0 0 0 0 0 0 0 0 0 0 0 
0 0 0 0 0 0 0 0 0 0 0 0 0 0 0 0 0 0 0 0 0 0 0 0 0 0 0 35 9 0 0 9 16 115 0 0 0 0 0 0 0 0 0 0 0 0 0 0 0 0 0 0 0 0 0 0 0 0 0 0 0 0 0 0 0 0 0 0 0 0 0 0 0 0 0 0 81 77 119 0 0 0 0 0 0 0 0 0 0 0 0 
0 0 0 0 0 0 0 0 0 0 0 0 0 0 0 0 0 0 0 0 0 0 0 0 0 0 0 26 17 0 0 35 101 43 0 0 0 0 0 0 0 0 0 0 0 0 0 0 0 0 0 0 0 0 0 0 0 0 0 0 0 0 0 0 0 0 8 68 81 0 0 0 0 0 0 55 59 0 0 0 0 0 0 0 0 0 0 0 0 0 0 
0 0 0 0 0 0 0 0 0 0 0 0 0 0 0 0 0 0 0 0 0 0 0 0 0 0 0 17 17 9 17 67 94 0 0 0 0 0 0 0 0 0 0 0 0 0 0 0 0 0 0 0 0 0 0 0 0 0 0 0 0 0 0 0 0 8 132 46 85 0 0 0 0 0 8 43 72 63 0 0 0 0 0 0 0 0 0 0 0 0 0 
0 0 0 0 0 0 0 0 0 0 0 0 0 0 0 0 0 0 0 0 0 0 0 0 0 0 0 17 26 9 13 111 0 0 0 0 0 0 0 0 0 0 0 0 0 0 0 0 0 0 0 0 0 0 0 0 0 0 0 0 0 0 0 0 0 136 43 25 107 0 0 0 0 0 0 55 72 71 47 0 0 0 0 0 0 0 0 0 0 0 0 
0 0 0 0 0 0 0 0 0 0 0 0 0 0 0 0 0 0 0 0 0 0 0 0 0 0 0 35 25 17 72 0 0 0 0 0 0 0 0 0 0 0 0 0 0 0 0 0 0 0 0 0 0 0 0 0 0 0 0 0 0 0 0 0 55 81 43 111 94 0 0 0 0 0 0 0 47 55 102 81 0 0 0 0 0 0 0 0 0 0 0 
0 0 0 0 0 0 0 0 0 0 0 0 0 0 0 0 0 0 0 0 0 0 0 0 0 0 0 51 33 5 85 47 0 0 0 0 0 0 0 0 0 0 0 0 0 0 0 0 0 0 0 0 0 0 0 0 0 0 0 0 0 0 0 0 21 59 72 94 0 0 0 0 0 0 0 0 0 0 21 102 102 47 0 0 0 0 0 0 0 0 0 
0 0 0 0 0 0 0 0 0 0 0 0 0 0 0 0 0 0 0 0 0 0 0 0 0 0 0 35 16 17 55 76 8 0 0 0 0 0 0 0 0 0 0 0 0 0 0 0 0 0 0 0 0 0 0 0 0 0 0 0 0 0 0 0 0 0 0 0 0 0 0 0 0 0 0 0 0 0 0 0 55 102 21 76 0 0 0 0 0 0 0 
0 0 0 0 0 0 0 0 0 0 0 0 0 0 0 0 0 0 0 0 0 0 0 0 0 0 0 51 33 0 9 77 68 0 0 0 0 0 0 0 0 0 0 0 0 0 0 0 0 0 0 0 0 0 0 0 0 0 0 0 0 0 0 0 0 0 0 0 0 0 0 0 0 0 0 0 0 0 0 0 0 81 114 131 0 0 0 0 0 0 0 
0 0 0 0 0 0 0 0 0 0 0 0 0 0 0 0 0 0 0 0 0 0 0 0 0 0 0 35 16 0 0 1 76 55 0 0 0 0 0 0 0 0 0 0 0 0 0 0 0 0 0 0 0 0 0 0 0 0 0 0 0 0 0 0 0 0 0 0 0 0 0 0 0 0 0 0 0 0 0 0 55 94 93 25 34 0 0 0 0 0 0 
0 0 0 0 0 0 0 0 0 0 0 0 0 0 0 0 0 0 0 0 0 0 0 0 0 0 0 51 33 0 0 9 30 76 55 0 0 0 0 0 0 0 0 0 0 0 0 0 0 0 0 0 0 0 0 0 0 0 0 0 0 0 0 0 0 0 0 0 0 0 0 0 0 0 0 0 0 0 0 115 64 47 68 34 68 0 0 0 0 0 0 
0 0 0 0 0 0 0 0 0 0 0 0 0 0 0 0 0 0 0 0 0 0 0 0 0 0 0 35 0 0 0 0 9 30 76 34 0 0 0 0 0 0 0 0 0 0 0 0 0 0 0 0 0 0 0 0 0 0 0 0 0 0 0 0 0 0 0 0 0 0 0 0 0 0 0 0 0 0 59 60 0 0 0 0 0 76 0 0 0 0 0 
0 0 0 0 0 0 0 0 0 0 0 0 0 0 0 0 0 0 0 0 0 0 0 0 0 0 0 35 0 0 0 0 0 9 51 94 21 0 0 0 0 0 0 0 0 0 0 0 0 0 0 0 0 0 0 0 0 0 0 0 0 0 0 0 0 0 0 0 0 0 0 0 0 0 0 0 0 0 77 25 0 0 0 0 76 153 0 0 0 0 0 
0 0 0 0 0 0 0 0 0 0 0 0 0 0 0 0 0 0 0 0 0 0 0 0 0 0 0 65 0 0 0 0 12 0 26 99 85 21 0 0 0 0 0 0 0 0 0 0 0 0 0 0 0 0 0 0 0 0 0 0 0 0 0 25 8 0 0 0 0 0 0 0 0 0 0 0 0 0 77 47 0 0 0 0 0 0 0 0 0 0 0 
0 0 0 0 0 0 0 0 0 0 0 0 0 0 0 0 0 0 0 0 0 0 0 0 0 0 85 10 0 4 12 12 25 4 0 17 72 72 8 0 0 0 0 0 0 0 0 0 0 0 0 0 0 0 0 0 0 0 0 0 0 21 106 94 94 21 0 0 0 0 0 0 0 0 0 0 0 0 55 77 0 0 0 0 47 0 0 0 0 0 0 
0 0 0 0 0 0 0 0 0 0 0 0 0 0 0 0 0 0 0 0 0 0 0 0 0 55 58 0 4 12 25 0 4 8 0 9 13 68 81 0 0 0 0 0 0 0 0 0 0 0 0 0 0 0 0 0 0 0 0 0 47 93 55 17 76 43 0 0 0 0 0 0 0 0 0 0 0 0 25 102 47 0 0 47 94 0 0 0 0 0 0 
0 0 0 0 0 0 0 0 0 0 0 0 0 0 0 0 0 0 0 0 0 0 0 0 0 47 35 0 0 0 0 0 0 0 0 0 9 13 85 77 0 0 0 0 0 0 0 0 0 0 0 0 0 0 0 0 0 0 0 25 34 64 85 12 102 55 0 0 0 0 0 0 0 0 0 0 0 0 0 55 102 47 8 51 0 0 0 0 0 0 0 
0 0 0 0 0 0 0 0 0 0 0 0 0 0 0 0 0 0 0 0 0 0 0 0 30 10 0 0 0 0 0 0 0 0 0 12 0 9 9 86 81 0 0 0 0 0 0 0 0 0 0 0 0 0 0 0 0 0 0 21 43 8 107 0 47 102 21 0 0 0 0 0 0 0 0 0 0 0 0 0 55 60 59 102 0 0 0 0 0 0 0 
0 0 0 0 0 0 0 0 0 0 0 0 0 0 0 0 0 0 0 0 0 0 0 0 35 9 0 0 0 0 16 0 0 0 12 25 4 0 0 13 85 72 8 0 0 0 0 0 0 0 0 0 0 0 0 0 0 0 0 0 0 21 93 0 0 81 77 0 0 0 0 0 0 0 0 0 0 0 0 0 68 86 51 0 0 0 0 0 0 0 0 
0 0 0 0 0 0 0 0 0 0 0 0 0 0 0 0 0 0 0 0 0 0 0 0 26 9 0 0 4 16 33 0 0 0 4 4 8 0 0 9 13 68 72 21 0 0 0 0 0 0 0 0 0 0 0 0 0 0 0 0 0 34 102 8 0 25 102 47 0 0 0 0 0 0 0 0 0 0 0 81 64 51 0 0 0 0 0 0 0 0 0 
0 0 0 0 0 0 0 0 0 0 0 0 0 0 0 0 0 0 0 0 0 0 0 0 77 18 0 4 8 0 0 0 0 4 12 0 0 0 0 0 9 13 56 94 21 0 0 0 0 0 0 0 0 0 0 0 0 0 0 0 0 0 94 34 0 0 55 102 47 0 0 0 0 0 0 0 0 34 102 29 94 0 0 0 0 0 0 0 0 0 0 
0 0 0 0 0 0 0 0 0 0 0 0 0 0 0 0 0 0 0 0 0 0 0 51 33 0 0 0 0 12 0 0 0 12 25 0 0 0 0 12 0 0 26 99 85 34 0 0 0 0 0 0 0 0 0 0 0 0 0 0 0 0 68 68 0 0 0 55 77 25 0 0 0 8 25 55 102 26 76 153 0 0 0 0 0 0 0 0 0 0 0 
0 0 0 0 0 0 0 0 0 0 0 0 0 0 0 0 0 0 0 0 0 0 0 34 17 0 0 12 12 25 0 4 0 0 0 0 0 12 12 21 0 0 0 17 68 85 55 0 0 0 0 0 0 0 0 0 0 0 0 0 0 0 34 102 21 0 0 25 81 42 55 30 30 34 30 60 63 127 0 0 0 0 0 0 0 0 0 0 0 0 0 
0 0 0 0 0 0 0 0 0 0 0 0 0 0 0 0 0 0 0 0 0 0 0 68 35 0 12 25 0 0 4 8 0 12 0 0 12 21 4 8 0 0 0 0 17 47 85 55 0 0 0 0 0 0 0 0 0 0 0 0 0 0 0 81 55 0 0 55 51 94 72 81 85 76 153 0 0 0 0 0 0 0 0 0 0 0 0 0 0 0 0 
0 0 0 0 0 0 0 0 0 0 0 0 0 0 0 0 0 0 0 0 0 0 51 49 0 0 0 4 0 0 0 0 12 25 4 0 4 8 0 0 0 0 12 0 0 17 47 76 55 0 0 0 0 0 0 0 0 0 0 0 0 0 0 47 94 8 0 94 34 47 0 0 0 0 0 0 0 0 0 0 0 0 0 0 0 0 0 0 0 0 0 
0 0 0 0 0 0 0 0 0 0 0 0 0 0 0 0 0 0 0 0 0 0 94 17 0 0 4 8 0 0 12 0 0 4 8 0 0 0 0 0 0 12 21 0 0 0 9 30 85 68 8 0 0 0 0 0 0 0 0 0 0 0 0 8 94 68 59 107 81 76 0 0 0 0 0 0 0 0 0 0 0 0 0 0 0 0 0 0 0 0 0 
0 0 0 0 0 0 0 0 0 0 0 0 0 0 0 0 0 0 0 0 0 76 105 35 0 0 0 0 0 12 25 0 0 0 0 0 0 0 0 0 4 4 8 0 0 0 0 17 34 68 85 34 0 0 0 0 0 0 0 0 0 0 0 0 34 68 111 47 51 106 47 47 55 47 47 47 30 47 51 76 0 0 0 0 0 0 0 0 0 0 0 
0 0 0 0 0 0 0 0 0 0 0 0 0 0 0 0 0 0 0 0 0 106 10 0 0 0 12 0 0 4 0 0 0 4 12 0 0 12 0 4 8 12 0 0 0 12 0 0 9 17 68 85 55 0 0 0 0 0 0 0 0 0 0 55 81 94 115 72 63 55 55 64 55 55 55 72 89 59 77 81 55 47 76 0 0 0 0 0 0 0 0 
0 0 0 0 0 0 0 0 0 0 0 0 0 0 0 0 0 0 0 0 76 92 0 0 0 12 21 0 4 8 0 0 16 12 25 0 12 21 0 0 12 25 0 0 21 34 0 0 0 0 17 47 94 68 0 0 0 0 0 0 0 34 124 47 17 26 65 63 0 0 0 0 0 0 0 0 0 0 21 47 55 85 84 47 0 0 0 0 0 0 0 
0 0 0 0 0 0 0 0 0 0 0 0 0 0 0 0 0 0 0 47 52 18 0 0 4 4 8 0 0 0 0 12 25 0 0 0 4 8 0 0 0 0 0 9 9 9 17 17 0 0 0 26 52 85 81 34 0 0 0 0 34 68 77 76 26 0 4 94 0 0 0 0 0 0 0 0 0 0 0 0 0 34 55 102 68 34 0 0 0 0 0 
0 0 0 0 0 0 0 0 0 0 0 0 0 0 0 0 0 0 47 50 18 0 0 4 8 0 0 0 12 0 0 0 0 0 0 0 0 0 0 0 0 0 0 0 9 17 17 17 17 9 0 0 17 21 60 85 55 0 0 0 0 0 8 94 26 0 35 132 0 0 0 0 0 0 0 0 0 0 0 0 0 0 0 34 68 81 47 0 0 0 0 
0 0 0 0 0 0 0 0 0 0 0 0 0 0 0 0 0 0 17 17 0 0 0 12 0 0 0 12 25 0 4 0 0 0 4 0 0 0 12 0 4 0 0 12 4 0 17 17 17 17 9 0 0 0 17 47 76 94 25 0 0 0 0 119 35 9 21 77 0 0 0 0 0 0 0 0 0 0 0 0 0 0 0 0 21 55 77 47 0 0 0 
0 0 0 0 0 0 0 0 0 0 0 0 0 0 0 0 0 0 17 76 26 0 12 25 0 0 0 0 4 4 8 0 0 4 8 12 0 12 21 4 8 0 12 21 8 0 0 9 17 26 9 9 0 0 0 9 26 95 85 68 21 0 25 81 26 9 51 47 0 0 0 0 0 0 0 0 0 0 0 0 0 0 0 0 0 25 55 68 51 0 0 
0 0 0 0 0 0 0 0 0 0 0 0 0 0 0 0 0 0 76 144 26 9 0 0 4 0 0 16 8 0 0 12 0 0 12 25 0 4 8 0 0 0 0 0 0 0 0 0 0 9 9 17 0 0 16 0 0 17 34 55 85 55 68 38 18 17 55 55 0 0 0 0 0 0 0 0 0 0 0 0 0 0 0 0 0 0 34 51 76 76 0 
0 0 0 0 0 0 0 0 0 0 0 0 0 0 0 0 0 0 0 8 26 17 0 4 8 12 12 25 0 0 12 25 0 0 0 0 0 0 0 0 12 0 0 0 0 0 0 12 4 0 17 26 9 16 42 0 0 0 9 17 47 63 115 41 0 35 47 68 0 0 0 25 0 0 0 0 0 0 0 0 0 0 0 0 0 0 21 77 68 127 0 
0 0 0 0 0 0 0 0 0 0 0 0 0 0 0 0 0 0 0 51 98 21 17 0 12 25 0 0 0 0 0 0 0 4 0 9 0 4 0 12 25 4 0 0 12 4 12 21 8 0 9 0 9 9 17 0 0 0 0 0 17 35 52 26 0 35 51 81 0 0 25 42 47 0 0 0 0 0 0 0 0 0 0 0 0 55 72 115 52 55 34 
0 0 0 0 0 0 0 0 0 0 0 0 0 0 0 0 0 0 51 34 81 51 35 0 0 0 0 0 4 9 0 0 4 8 9 17 4 8 0 0 4 8 0 12 21 8 0 0 0 0 9 9 26 17 17 0 0 0 0 0 0 0 26 53 0 17 12 85 0 0 8 47 55 34 0 0 0 0 0 0 0 0 0 0 68 77 81 94 132 56 43 
0 0 0 0 0 0 0 0 0 0 0 0 0 0 0 0 0 0 55 72 34 102 86 26 0 0 4 4 17 18 9 0 12 0 35 26 0 0 12 0 0 0 0 0 0 0 0 0 0 0 0 26 35 26 17 0 0 16 0 9 0 12 0 0 0 9 9 85 8 0 0 55 21 94 8 0 0 0 0 0 0 0 0 55 73 115 17 8 12 56 51 
0 0 0 0 0 0 0 0 0 0 0 0 0 0 0 0 0 0 136 43 0 51 94 39 0 4 8 0 0 9 9 12 25 17 8 9 0 12 25 0 0 0 0 0 0 0 0 0 12 0 0 17 26 26 17 0 16 50 17 38 42 17 29 8 9 0 17 76 21 0 0 55 38 124 81 55 47 34 47 47 8 25 55 81 56 43 0 0 51 64 102 
0 0 0 0 0 0 0 0 0 0 0 0 0 0 0 0 0 55 94 0 0 0 81 73 26 0 0 0 12 9 9 9 0 17 17 9 0 0 0 0 4 12 0 0 4 0 12 16 25 0 0 0 26 9 26 0 35 55 34 18 21 43 21 38 47 12 35 81 68 34 47 111 17 81 94 55 60 47 47 47 89 12 55 59 119 0 0 29 65 94 0 
0 0 0 0 0 0 0 0 0 0 0 0 0 0 0 0 0 175 0 0 0 0 21 94 73 17 0 12 25 9 9 9 0 9 17 18 0 0 4 4 12 25 0 4 12 12 21 8 0 0 0 4 26 17 35 35 37 35 0 0 0 0 0 0 17 47 64 64 68 60 29 64 119 46 16 17 0 0 55 81 120 59 0 0 0 0 0 90 76 0 0 
0 0 0 0 0 0 0 0 0 0 0 0 0 0 0 0 72 60 0 0 0 0 0 47 85 47 9 0 0 0 9 9 0 26 35 9 0 4 8 0 0 0 0 12 25 0 0 0 0 0 4 8 9 26 17 16 43 0 0 0 0 0 21 21 0 0 34 64 86 67 119 76 84 102 30 25 0 0 0 12 25 0 0 0 0 0 21 30 153 0 0 
0 0 0 0 0 0 0 0 0 0 0 0 0 0 0 0 183 0 0 0 0 0 0 0 55 76 17 17 0 0 9 18 0 17 17 18 0 0 12 0 0 0 0 0 0 0 0 0 0 12 0 0 9 35 34 12 47 0 0 0 0 21 21 34 64 0 0 0 30 30 55 30 47 178 77 102 47 8 0 0 0 0 0 0 0 0 102 76 0 0 0 
0 0 0 0 0 0 0 0 0 0 0 0 0 0 0 81 43 0 0 0 0 0 0 0 0 68 85 47 17 0 0 0 17 26 35 9 0 12 25 0 0 0 0 4 0 0 0 0 16 25 0 0 0 26 26 0 56 0 0 0 0 0 34 64 103 64 17 0 0 9 34 51 67 189 59 55 94 68 81 55 21 0 0 0 0 85 42 153 0 0 0 
0 0 0 0 0 0 0 0 0 0 0 0 0 0 0 183 0 0 0 0 0 0 0 0 0 0 55 85 47 9 0 17 26 44 26 9 0 0 0 0 4 12 4 8 0 0 0 4 8 0 0 0 0 9 17 9 56 43 0 0 0 0 0 25 64 94 64 43 0 0 0 9 43 81 85 34 34 46 80 55 94 72 55 47 76 65 68 0 0 0 0 
0 0 0 0 0 0 0 0 0 0 0 0 0 0 81 43 0 0 0 0 0 0 0 0 0 0 0 55 76 30 17 18 9 43 26 18 0 0 4 4 12 25 0 0 0 12 0 0 0 0 0 16 0 0 17 18 60 77 21 0 0 0 0 0 17 64 86 51 64 17 0 0 0 30 30 55 34 127 127 42 30 63 12 8 29 94 0 0 0 0 0 
0 0 0 0 0 0 0 0 0 0 0 0 0 0 183 0 0 0 0 0 0 0 0 0 0 0 0 0 55 85 59 13 44 17 35 0 0 4 8 0 0 0 0 0 12 21 9 9 26 8 21 25 26 9 35 64 25 21 25 0 0 0 0 0 0 0 34 64 111 43 43 13 0 0 9 30 47 55 47 0 76 102 63 76 153 0 0 0 0 0 0 
0 0 0 0 0 0 0 0 0 0 0 0 0 81 43 0 0 0 0 0 0 0 0 0 0 0 0 0 0 34 72 85 51 25 35 0 0 0 12 0 0 0 0 0 13 34 21 60 128 72 85 94 111 42 8 21 56 17 35 21 13 0 0 0 0 0 0 0 43 43 55 56 34 0 0 0 17 17 64 30 76 0 0 0 0 0 0 0 0 0 0 
0 0 0 0 0 0 0 0 0 0 0 0 0 175 0 0 0 0 0 0 0 0 0 0 0 0 0 0 0 0 0 34 77 102 43 9 0 12 25 0 0 0 16 18 9 93 77 68 0 0 0 0 34 68 94 60 56 30 21 30 34 21 0 0 0 0 0 0 0 17 56 77 47 56 17 0 0 0 34 81 106 34 0 0 0 0 0 0 0 0 0 
0 0 0 0 0 0 0 0 0 0 0 0 72 60 0 0 0 0 0 0 0 0 0 0 0 0 0 0 0 0 0 0 0 94 43 9 0 0 0 0 0 16 68 30 132 43 0 0 0 0 0 0 0 0 34 94 98 43 21 34 47 34 56 9 0 0 0 0 0 0 0 21 56 85 43 56 9 0 0 17 30 64 34 0 0 0 0 0 0 0 0 
0 0 0 0 0 0 0 0 0 0 0 0 149 0 0 0 0 0 0 0 0 0 0 0 0 0 0 0 0 0 0 0 0 68 21 9 0 0 4 0 0 44 94 94 0 0 0 0 0 0 0 0 0 0 0 21 81 55 34 8 34 56 85 56 34 0 0 0 0 0 0 0 9 43 56 103 43 43 13 0 0 30 64 47 51 0 0 0 0 0 0 
0 0 0 0 0 0 0 0 0 0 0 47 77 0 0 0 0 0 0 0 0 0 0 0 0 0 0 0 0 0 0 0 0 55 55 17 0 4 12 0 35 67 94 0 0 0 0 0 0 0 0 0 0 0 0 0 47 72 68 34 0 17 56 77 56 39 0 0 0 0 0 0 0 0 0 43 43 51 43 39 0 0 17 21 64 47 0 0 0 0 0 
0 0 0 0 0 0 0 0 0 0 0 68 46 0 0 0 0 0 0 0 0 0 0 0 0 0 0 0 0 0 0 0 0 21 85 30 0 12 25 17 37 111 0 0 0 0 0 0 0 0 0 0 0 0 0 0 0 47 55 26 9 0 0 56 73 43 56 17 0 0 0 0 0 0 0 0 21 43 47 69 34 43 17 13 17 55 34 0 0 0 0 
0 0 0 0 0 0 0 0 0 0 0 128 43 0 0 0 0 0 0 0 0 0 0 0 0 0 0 0 0 0 0 0 0 0 72 43 17 0 0 18 107 0 0 0 0 0 0 0 0 0 0 0 0 0 0 0 0 0 47 47 9 17 0 0 34 56 85 56 43 0 0 0 0 0 0 0 0 0 9 34 43 68 8 34 43 47 55 34 0 0 0 
0 0 0 0 0 0 0 0 0 0 47 64 0 0 0 0 0 0 0 0 0 0 0 0 0 0 0 0 0 0 0 0 0 0 34 85 26 0 9 37 94 0 0 0 0 0 0 0 0 0 0 0 0 0 0 0 0 0 0 47 55 26 34 0 0 9 56 69 55 56 17 0 0 0 0 0 0 0 0 0 0 21 34 34 25 51 34 55 30 0 0 
0 0 0 0 0 0 0 0 0 0 55 60 0 0 0 0 0 0 0 0 0 0 0 0 0 0 0 0 0 0 0 0 0 0 0 94 73 17 1 73 0 0 0 0 0 0 0 0 0 0 0 0 0 0 0 0 0 0 0 0 47 72 60 34 0 0 0 30 56 85 56 34 0 0 0 0 0 0 0 0 0 0 0 9 9 21 34 34 64 76 0 
0 0 0 0 0 0 0 0 0 0 68 46 0 0 0 0 0 0 0 0 0 0 0 0 0 0 0 0 0 0 0 0 0 0 0 47 85 30 13 71 0 0 0 0 0 0 0 0 0 0 0 0 0 0 0 0 0 0 0 0 0 47 72 60 34 0 0 0 9 56 77 69 21 0 0 0 0 0 0 0 0 0 0 0 0 0 0 0 12 119 0 
0 0 0 0 0 0 0 0 0 0 81 43 0 0 0 0 0 0 0 0 0 0 0 0 0 0 0 0 0 0 0 0 0 0 0 0 72 42 29 55 0 0 0 0 0 0 0 0 0 0 0 0 0 0 0 0 0 0 0 0 0 0 47 72 60 39 0 0 0 0 0 21 43 0 0 0 0 0 0 0 0 0 0 0 0 0 0 0 30 38 0 
0 0 0 0 0 0 0 0 0 0 102 21 0 0 0 0 0 0 0 0 0 0 0 0 0 0 0 0 0 0 0 0 0 0 0 0 34 85 59 81 0 0 0 0 0 0 0 0 0 0 0 0 0 0 0 0 0 0 0 0 0 0 0 47 77 69 43 0 0 0 0 0 0 0 0 0 0 0 0 13 21 0 21 0 0 0 0 0 34 34 0 
0 0 0 0 0 0 0 0 0 0 81 25 0 0 0 0 0 0 0 0 0 0 0 0 0 0 0 0 0 0 0 0 0 0 0 0 0 55 81 85 21 0 0 0 0 0 0 0 0 0 0 0 0 0 0 0 0 0 0 0 0 0 0 0 47 81 90 34 0 0 0 0 0 0 0 0 0 0 13 21 21 39 43 56 43 21 9 13 73 68 0 
0 0 0 0 0 0 0 0 0 0 77 51 0 0 0 0 0 0 0 0 0 0 0 0 0 0 0 0 0 0 0 0 0 0 0 0 0 0 77 132 72 0 0 0 0 0 0 0 0 0 0 0 0 0 0 0 0 0 0 0 0 0 0 0 0 34 72 60 34 0 0 0 0 0 0 0 0 0 0 21 25 43 56 60 39 55 8 81 43 0 0 
0 0 0 0 0 0 0 0 0 0 102 21 0 0 0 0 0 0 0 0 0 0 0 0 0 0 0 0 0 0 0 0 0 0 0 0 0 0 0 72 111 68 0 0 0 0 0 0 0 0 0 0 0 0 0 0 0 0 0 0 0 0 0 0 0 0 47 72 60 30 0 0 0 0 0 0 0 0 0 0 0 0 9 25 64 102 119 0 0 0 0 
0 0 0 0 0 0 0 0 0 0 81 43 0 0 0 0 0 0 0 0 0 0 0 0 0 0 0 0 0 0 0 0 0 0 0 0 0 0 0 34 34 102 55 0 0 0 0 0 0 0 0 0 0 0 0 0 0 0 0 0 0 0 0 0 0 0 0 47 68 43 25 0 0 0 0 0 0 0 0 0 0 0 0 0 21 43 0 0 0 0 0 
0 0 0 0 0 0 0 0 0 0 102 8 0 0 0 0 0 0 0 0 0 0 0 0 0 0 0 0 0 0 0 0 0 0 0 0 0 0 0 34 103 68 64 47 0 0 0 0 0 0 0 0 0 0 0 0 0 0 0 0 0 0 0 0 0 0 0 0 55 63 30 34 0 0 0 0 0 0 0 0 0 0 0 0 21 64 0 0 0 0 0 
0 0 0 0 0 0 0 0 0 0 94 21 0 0 0 0 0 0 0 0 0 0 0 0 0 0 0 0 0 0 0 0 0 0 0 0 0 0 0 68 46 68 17 56 34 0 0 0 0 0 0 0 0 0 0 0 0 0 0 0 0 0 0 0 0 0 0 0 0 68 72 43 9 0 0 0 0 0 0 0 0 21 0 0 0 86 0 0 0 0 0 
0 0 0 0 0 0 0 0 0 0 81 34 0 0 0 0 0 0 0 0 0 0 0 0 0 0 0 0 0 0 0 0 0 0 0 0 0 0 0 136 64 35 8 12 38 21 0 0 0 0 0 0 0 0 0 0 0 0 0 0 0 0 0 0 0 0 0 0 0 0 81 81 39 0 0 0 0 0 0 21 21 43 43 17 34 43 0 0 0 0 0 
0 0 0 0 0 0 0 0 0 0 68 47 0 0 0 0 0 0 0 0 0 0 0 0 0 0 0 0 0 0 0 0 0 0 0 0 0 0 34 73 86 0 0 0 8 29 21 0 0 0 0 0 0 0 0 0 0 0 0 0 0 0 0 0 0 0 0 0 0 0 34 77 60 25 0 0 0 0 21 21 82 8 47 22 21 47 0 0 0 0 0 
0 0 0 0 0 0 0 0 0 0 55 55 0 0 0 0 0 0 0 0 0 0 0 0 0 0 0 0 0 0 0 0 0 0 0 0 0 0 47 34 68 0 0 0 0 8 29 29 0 0 0 0 0 0 0 0 0 0 0 0 0 0 0 0 0 0 0 0 0 0 0 55 42 43 0 0 0 0 21 39 18 13 30 9 30 72 0 0 0 0 0 
0 0 0 0 0 0 0 0 0 0 47 59 0 0 0 0 0 0 0 0 0 0 21 47 55 59 55 25 8 0 0 0 0 0 0 0 0 0 55 30 35 0 0 0 0 0 0 29 38 21 0 0 0 0 0 0 0 0 0 0 0 0 0 0 0 0 0 0 0 0 0 21 81 55 9 0 0 13 9 25 34 38 52 13 43 21 0 0 0 0 0 
0 0 0 0 0 0 0 0 0 0 51 102 34 0 0 0 0 0 0 0 0 55 51 21 47 55 73 25 68 47 0 0 0 0 0 0 0 0 77 52 8 0 0 0 0 0 0 8 25 29 34 0 0 0 0 0 0 0 0 0 0 0 0 0 0 0 0 0 0 0 0 0 68 43 21 0 13 17 18 34 17 0 21 0 43 34 0 0 0 0 0 
0 0 0 0 0 0 0 0 0 0 0 68 47 0 0 0 0 0 0 21 81 25 60 55 16 12 34 68 81 68 55 0 0 0 0 0 0 0 72 43 17 0 0 0 0 0 0 0 0 4 38 55 25 0 0 0 0 0 0 0 0 0 0 0 0 0 0 0 0 0 0 0 47 25 21 0 0 0 34 51 22 56 25 17 39 34 0 0 0 0 0 
0 0 0 0 0 0 0 0 0 0 0 55 55 0 0 0 0 0 55 59 72 43 0 0 0 0 0 8 68 81 68 34 0 0 0 0 0 0 81 60 0 0 0 0 0 0 0 0 0 0 26 56 81 47 0 0 0 0 0 0 0 0 0 0 0 0 0 0 0 0 0 0 34 38 34 0 0 0 0 47 25 43 33 26 25 68 0 0 0 0 0 
0 0 0 0 0 0 0 0 0 0 0 47 102 21 0 0 0 68 34 111 0 0 0 0 0 0 0 0 0 68 69 68 0 0 0 0 0 0 81 43 0 0 0 0 0 0 0 0 0 0 0 51 85 55 55 25 0 0 0 0 0 0 0 0 0 0 0 0 0 0 0 0 21 51 43 0 0 0 56 34 39 43 17 13 60 0 0 0 0 0 0 
0 0 0 0 0 0 0 0 0 0 0 0 81 47 0 0 68 34 94 0 0 0 0 0 0 0 0 0 0 34 68 68 12 0 0 0 0 8 72 51 0 0 0 0 0 0 0 0 0 0 0 0 26 26 56 55 72 47 0 0 0 0 0 0 0 0 0 0 0 0 0 0 21 51 56 9 0 21 25 39 43 68 35 21 52 0 0 0 0 0 0 
0 0 0 0 0 0 0 0 0 0 0 0 55 102 0 55 56 111 0 0 0 0 0 0 0 0 0 0 0 0 68 77 34 0 0 0 0 0 81 60 8 0 0 0 0 0 0 0 0 0 0 0 0 0 26 43 60 72 81 55 0 0 0 0 0 0 0 0 0 0 0 0 12 103 64 34 34 0 0 0 0 0 0 30 51 0 0 0 0 0 0 
0 0 0 0 0 0 0 0 0 0 0 0 0 102 68 85 137 0 0 0 0 0 0 0 0 0 0 0 0 0 47 38 47 0 0 0 0 0 72 34 17 0 0 0 0 0 0 0 0 0 0 0 0 0 0 8 43 51 77 55 81 55 25 0 0 0 0 0 0 0 0 0 34 64 52 34 34 43 34 34 34 34 34 48 102 0 0 0 0 0 0 
0 0 0 0 0 0 0 0 0 0 0 0 0 55 17 85 0 0 0 0 0 0 0 0 0 0 0 0 0 0 21 47 55 0 0 0 0 0 72 47 17 0 0 0 0 0 0 0 0 0 0 0 0 0 0 0 0 0 26 51 77 38 81 68 34 0 0 0 0 0 0 0 89 43 8 43 51 60 43 17 8 17 17 34 0 0 0 0 0 0 0 
0 0 0 0 0 0 0 0 0 0 0 0 0 51 22 68 0 0 0 0 0 0 0 0 0 0 0 0 0 0 0 55 64 0 0 0 0 0 68 34 26 0 0 0 0 0 0 0 0 0 0 0 0 0 0 0 0 0 0 0 17 51 64 73 55 55 47 34 21 25 8 81 77 77 0 0 17 17 34 51 77 26 21 68 0 0 0 0 0 0 0 
0 0 0 0 0 0 0 0 0 0 0 0 0 106 94 0 0 0 0 0 0 0 0 0 0 0 0 0 0 0 0 47 55 0 0 0 0 0 55 8 43 0 0 0 0 0 0 0 0 0 0 0 0 0 0 0 0 0 0 0 0 0 0 26 26 34 22 25 55 72 102 34 77 17 0 17 17 17 51 64 47 60 64 0 0 0 0 0 0 0 0 
0 0 0 0 0 0 0 0 0 0 0 0 51 69 0 0 0 0 0 0 0 0 0 0 0 0 0 0 0 0 0 55 64 0 0 0 0 0 47 64 51 0 0 0 0 0 0 0 0 0 0 0 0 0 0 0 0 0 0 0 0 0 0 8 26 51 18 43 51 60 60 52 0 0 0 0 26 51 64 73 52 34 94 0 0 0 0 0 0 0 0 
0 0 0 0 0 0 0 0 0 0 0 0 115 68 0 0 0 0 0 0 0 0 0 0 0 0 0 0 0 0 0 47 55 0 0 0 0 0 8 81 55 0 0 0 0 0 0 0 0 0 0 0 0 0 0 0 0 0 0 0 0 0 8 26 43 60 43 51 26 0 0 0 0 17 43 8 0 0 8 17 26 60 0 0 0 0 0 0 0 0 0 
0 0 0 0 0 0 0 0 0 0 0 47 77 0 0 0 0 0 0 0 0 0 0 0 0 0 0 0 0 0 0 55 64 0 0 0 0 0 0 77 56 17 0 0 0 0 0 0 0 0 0 0 0 0 0 0 0 0 0 0 0 0 0 0 8 43 51 77 43 51 43 17 26 43 43 43 26 26 43 51 112 76 0 0 0 0 0 0 0 0 0 
0 0 0 0 0 0 0 0 0 0 0 115 55 0 0 0 0 0 0 0 0 0 0 0 0 0 0 0 0 0 0 55 47 0 0 0 0 0 0 68 56 26 0 0 0 0 0 0 0 0 0 0 0 0 0 0 0 0 0 0 0 0 0 0 0 17 8 43 51 60 68 17 26 69 42 51 26 43 51 47 153 153 0 0 0 0 0 0 0 0 0 
0 0 0 0 0 0 0 0 0 0 47 43 25 0 0 0 0 0 0 0 0 0 0 0 0 0 0 0 0 0 8 64 60 0 0 0 0 0 0 34 55 43 0 0 0 0 0 0 0 0 0 0 0 0 0 0 0 0 0 0 0 0 0 0 17 26 43 51 17 0 26 26 34 17 26 8 12 0 43 76 153 0 0 0 0 0 0 0 0 0 0 
0 0 0 0 0 0 0 0 0 0 94 89 0 0 0 0 0 0 0 0 0 0 0 0 0 0 0 0 0 0 34 13 46 0 0 0 0 0 0 0 72 68 26 0 0 0 0 0 0 0 0 0 0 0 0 0 0 0 0 0 0 0 0 0 0 43 51 68 43 26 0 8 43 51 8 12 25 22 111 0 0 0 0 0 0 0 0 0 0 0 0 
0 0 0 0 0 0 0 0 0 47 34 43 0 0 0 0 0 0 0 0 0 0 0 0 0 0 0 0 0 0 47 34 43 0 0 0 0 0 0 0 47 55 34 17 0 0 0 0 0 0 0 0 0 0 0 0 0 0 0 0 0 0 0 0 0 0 17 43 60 52 17 43 34 60 26 0 9 137 0 0 0 0 0 0 0 0 0 0 0 0 0 
0 0 0 0 0 0 0 0 0 94 77 0 0 0 0 0 0 0 0 0 0 0 0 0 0 0 0 0 0 0 55 59 0 0 0 0 0 0 0 0 0 47 47 30 17 0 0 0 0 0 0 0 0 0 0 0 0 0 0 0 0 0 0 0 0 0 0 0 0 8 17 17 43 60 52 9 137 0 0 0 0 0 0 0 0 0 0 0 0 0 0 
0 0 0 0 0 0 0 0 47 34 68 0 0 0 0 0 0 0 0 0 0 0 0 0 0 0 0 0 0 0 93 63 0 0 0 0 0 0 0 0 0 0 34 47 30 43 0 0 0 0 0 0 0 0 0 0 0 0 0 0 0 0 0 0 0 0 51 43 51 17 17 8 0 0 26 137 0 0 0 0 0 0 0 0 0 0 0 0 0 0 0 
0 0 0 0 0 0 0 0 110 90 0 0 0 0 0 0 0 0 0 0 0 0 0 0 0 0 0 0 0 34 43 68 55 34 12 0 0 0 0 0 0 0 0 34 72 47 51 8 0 0 0 0 0 0 0 0 0 0 0 0 0 0 0 0 0 51 60 51 77 17 26 17 26 44 102 0 0 0 0 0 0 0 0 0 0 0 0 0 0 0 0 
0 0 0 0 0 0 0 76 72 94 0 0 0 0 0 0 0 0 0 0 0 0 0 0 0 0 0 0 0 77 42 47 68 29 51 39 55 47 34 34 25 34 55 68 124 47 90 39 17 0 0 0 0 0 0 0 0 0 0 0 0 0 43 51 0 0 0 8 17 0 0 69 33 102 0 0 0 0 0 0 0 0 0 0 0 0 0 0 0 0 0 
0 0 0 0 0 0 0 25 98 0 0 0 0 0 0 0 0 0 0 0 0 0 0 0 0 0 0 0 21 30 153 0 76 102 63 80 55 68 68 77 85 90 60 21 51 34 68 90 30 17 8 0 0 0 0 0 0 0 0 0 8 43 51 77 0 0 0 0 0 43 116 76 106 51 47 51 0 0 0 0 0 0 0 0 0 0 0 0 0 0 0 
0 0 0 0 0 0 0 94 89 0 0 0 0 0 0 0 0 0 0 0 0 0 0 0 0 0 0 0 47 60 0 0 0 0 0 0 0 0 0 0 0 0 25 77 102 55 30 34 47 56 21 30 0 0 0 0 0 0 0 8 43 0 26 52 0 0 8 26 94 47 25 81 38 55 59 55 51 0 0 0 0 0 0 0 0 0 0 0 0 0 0 
0 0 0 0 0 0 47 47 43 0 0 0 0 0 0 0 0 0 0 0 0 0 0 0 0 0 0 0 107 102 0 0 0 0 0 0 0 0 0 0 0 0 0 0 47 72 51 68 8 25 59 89 4 17 0 0 0 0 0 43 86 0 0 0 0 60 52 25 94 43 38 115 43 0 47 51 68 0 0 0 0 0 0 0 0 0 0 0 0 0 0 
0 0 0 0 0 0 110 90 0 0 0 0 0 0 0 0 0 0 0 0 0 0 0 0 0 0 0 77 72 0 0 0 0 0 0 0 0 0 0 0 0 0 0 0 0 51 68 102 81 34 0 34 47 64 4 26 17 8 0 0 0 0 26 43 99 42 89 98 25 26 94 0 0 0 0 68 47 76 0 0 0 0 0 0 0 0 0 0 0 0 0 
0 0 0 0 0 76 50 72 0 0 0 0 0 0 0 0 0 0 0 0 0 0 0 0 0 0 21 42 145 0 0 0 0 0 0 0 0 0 0 0 0 0 0 0 0 0 76 131 68 77 55 0 0 34 55 64 17 43 43 51 43 65 55 9 107 94 0 8 64 72 0 0 0 0 0 55 63 106 0 0 0 0 0 0 0 0 0 0 0 0 0 
0 0 0 0 0 47 34 43 0 0 0 0 0 0 0 0 0 0 0 0 0 0 0 0 0 0 102 94 0 0 0 0 0 0 0 0 0 0 0 0 0 0 0 0 0 0 0 0 25 47 55 77 0 0 0 55 72 72 59 55 76 85 55 154 0 0 0 34 21 43 0 0 0 0 0 21 55 60 0 0 0 0 0 0 0 0 0 0 0 0 0 
0 0 0 0 0 47 77 0 0 0 0 0 0 0 0 0 0 0 0 0 0 0 0 0 0 81 111 0 0 0 0 0 0 0 0 0 0 0 0 0 0 0 0 0 0 0 0 0 0 47 68 111 77 0 0 0 0 21 34 68 8 72 85 0 0 0 0 47 34 0 0 0 0 0 0 0 68 47 0 0 0 0 0 0 0 0 0 0 0 0 0 
0 0 0 0 0 119 68 0 0 0 0 0 0 0 0 0 0 0 0 0 0 0 0 0 55 73 0 0 0 0 0 0 0 0 0 0 0 0 0 0 0 0 0 0 0 0 0 0 0 0 59 93 115 68 0 0 0 0 0 0 34 30 51 0 0 0 21 25 46 0 0 0 0 0 0 0 55 47 0 0 0 0 0 0 0 0 0 0 0 0 0 
0 0 0 0 51 55 0 0 0 0 0 0 0 0 0 0 0 0 0 0 0 0 0 47 51 127 0 0 0 0 0 0 0 0 0 0 0 0 0 0 0 0 0 0 0 0 0 0 0 0 0 63 93 98 47 0 0 0 0 0 12 25 0 0 0 0 34 25 43 0 0 0 0 0 0 0 64 51 0 0 0 0 0 0 0 0 0 0 0 0 0 
0 0 0 0 47 89 0 0 0 0 0 0 0 0 0 0 0 0 0 0 0 0 25 60 94 0 0 0 0 0 0 0 0 0 0 0 0 0 0 0 0 0 0 0 0 0 0 0 0 0 0 0 63 71 55 34 0 0 0 0 0 0 0 0 0 0 55 47 0 0 0 0 0 0 0 8 56 76 0 0 0 0 0 0 0 0 0 0 0 0 0 
0 0 0 0 81 43 0 0 0 0 0 0 0 0 0 0 0 0 0 0 0 0 111 110 0 0 0 0 0 0 0 0 0 0 0 0 0 0 0 0 0 0 0 0 0 0 0 0 0 0 0 0 0 47 68 68 21 0 0 0 0 0 0 0 0 8 64 47 0 0 0 0 0 0 0 21 17 153 0 0 0 0 0 0 0 0 0 0 0 0 0 
0 0 0 0 196 0 0 0 0 0 0 0 0 0 0 0 0 0 0 0 0 111 110 221 0 0 0 0 0 0 0 0 0 0 0 0 0 0 0 0 0 0 0 0 0 0 0 0 0 0 0 0 0 0 34 81 55 8 0 0 0 0 0 0 0 34 34 72 0 0 0 0 0 0 0 34 90 0 0 0 0 0 0 0 0 0 0 0 0 0 0 
0 0 0 94 12 0 0 0 0 0 0 0 0 0 0 0 0 0 0 0 111 94 0 0 0 0 0 0 0 0 0 0 0 0 0 0 0 0 0 0 0 0 0 0 0 0 0 0 0 0 0 0 0 0 0 47 94 55 0 0 0 0 0 0 0 55 38 43 0 0 0 0 0 0 0 89 76 0 0 0 0 0 0 0 0 0 0 0 0 0 0 
0 0 0 200 25 0 0 0 0 0 0 0 0 0 0 0 0 0 0 111 94 0 0 0 0 0 0 0 0 0 0 0 0 0 0 0 0 0 0 0 0 0 0 0 0 0 0 0 0 0 0 0 0 0 0 0 47 102 47 0 0 0 0 0 0 93 72 0 0 0 0 0 0 0 34 42 153 0 0 0 0 0 0 0 0 0 0 0 0 0 0 
0 0 110 16 0 0 0 0 0 0 0 0 0 0 0 0 0 0 111 94 0 0 0 0 0 0 0 0 0 0 0 0 0 0 0 0 0 0 0 0 0 0 0 0 0 0 0 0 0 0 0 0 0 0 0 0 0 55 102 30 0 0 0 0 34 26 85 0 0 0 0 0 0 0 124 68 0 0 0 0 0 0 0 0 0 0 0 0 0 0 0 
0 0 102 0 0 0 0 0 0 0 0 0 0 0 0 0 0 132 60 76 0 0 0 0 0 0 0 0 0 0 0 0 0 0 0 0 0 0 0 0 0 0 0 0 0 0 0 0 0 0 0 0 0 0 0 0 0 0 72 102 21 0 0 0 81 38 17 0 0 0 0 0 0 102 63 0 0 0 0 0 0 0 0 0 0 0 0 0 0 0 0 
0 0 213 0 0 0 0 0 0 0 0 0 0 0 0 0 132 26 64 106 25 8 21 47 0 0 0 0 0 0 0 0 0 0 0 0 0 0 0 0 0 0 0 0 0 0 0 0 0 0 0 0 0 0 0 0 0 0 0 81 102 34 0 34 56 72 0 0 0 0 0 0 81 16 127 0 0 0 0 0 0 0 0 0 0 0 0 0 0 0 0 
0 110 24 0 0 0 0 0 0 0 0 0 0 0 8 111 34 72 55 77 94 107 85 47 25 123 0 0 0 0 0 0 0 0 0 0 0 0 0 0 0 0 0 0 0 0 0 0 0 0 0 0 0 0 0 0 0 0 0 0 68 102 34 77 64 43 0 0 0 0 0 68 30 94 0 0 0 0 0 0 0 0 0 0 0 0 0 0 0 0 0 
0 94 17 0 0 0 0 0 0 0 0 0 0 30 85 85 51 0 0 0 0 21 55 77 153 200 0 0 0 0 0 0 0 0 0 0 0 0 0 0 0 0 0 0 0 0 0 0 0 0 0 0 0 0 0 0 0 0 0 0 0 68 102 124 77 47 0 0 0 21 89 17 119 0 0 0 0 0 0 0 0 0 0 0 0 0 0 0 0 0 0 
0 175 0 0 0 0 0 0 0 0 0 8 47 38 94 0 0 0 0 0 0 0 0 21 55 55 0 0 0 0 0 0 0 0 0 0 0 0 0 0 0 0 0 0 0 0 0 0 0 0 0 0 0 0 0 0 0 0 0 0 0 0 47 68 34 102 68 55 77 64 76 153 0 0 0 0 0 0 0 0 0 0 0 0 0 0 0 0 0 0 0 
200 34 0 0 0 0 0 0 0 0 34 55 12 68 0 0 0 0 0 0 0 0 0 0 47 68 0 0 0 0 0 0 0 0 0 0 0 0 0 0 0 0 0 0 0 0 0 0 0 0 0 0 0 0 0 0 0 0 0 0 0 0 0 21 43 34 93 47 51 102 0 0 0 0 0 0 0 0 0 0 0 0 0 0 0 0 0 0 0 0 0 
186 55 0 0 0 0 0 0 0 25 47 72 43 0 0 0 0 0 0 0 0 0 0 0 34 81 0 0 0 0 0 0 0 0 0 0 0 0 0 0 0 0 0 0 0 0 0 0 0 0 0 0 0 0 0 0 0 0 0 0 0 0 0 0 0 114 229 0 0 0 0 0 0 0 0 0 0 0 0 0 0 0 0 0 0 0 0 0 0 0 127 
145 25 0 0 0 0 0 0 0 0 0 0 0 0 0 0 0 0 0 0 0 0 0 0 68 64 0 0 0 0 0 0 0 0 0 0 0 0 0 0 0 0 0 0 0 0 0 0 0 0 0 0 0 0 0 0 0 0 0 0 0 0 0 0 0 0 0 0 0 0 0 0 0 0 0 0 0 0 0 0 0 0 0 0 0 0 0 0 0 0 0 
55 21 0 0 0 0 0 0 0 0 0 0 0 0 0 0 0 0 0 0 0 0 0 55 81 94 0 0 0 0 0 0 0 0 0 0 0 0 0 0 0 0 0 0 0 0 0 0 0 0 0 0 0 0 0 0 0 0 0 0 0 0 0 0 0 0 0 0 0 0 0 0 0 0 0 0 0 0 0 0 0 0 0 0 0 0 0 0 0 0 55 
81 55 0 0 0 0 0 0 0 0 0 0 0 0 0 0 0 0 0 0 0 21 89 52 68 0 0 0 0 0 0 0 0 0 0 0 0 0 0 0 0 0 0 0 0 0 0 0 0 0 0 0 0 0 0 0 0 0 0 0 0 0 0 0 0 0 0 0 0 0 0 0 0 0 0 0 0 0 0 0 0 0 0 0 0 0 0 0 0 0 47 
47 102 30 21 0 0 0 0 0 0 0 0 0 0 0 0 0 0 0 34 77 42 51 102 0 0 0 0 0 0 0 0 0 0 0 0 0 0 0 0 0 0 0 0 0 0 0 0 0 0 0 0 0 0 0 0 0 0 0 0 0 0 0 0 0 0 0 0 0 0 0 0 0 0 0 0 0 0 0 0 0 0 0 0 0 0 0 0 0 0 0 
0 72 81 102 26 55 55 55 25 21 8 0 8 0 8 25 34 55 89 29 72 145 0 0 0 0 0 0 0 0 0 0 0 0 0 0 0 0 0 0 0 0 0 0 0 0 0 0 0 0 0 0 0 0 0 0 0 0 0 0 0 0 0 0 0 0 0 0 0 0 0 0 0 0 0 0 0 0 0 0 0 0 0 0 0 0 0 0 0 0 0 
0 0 0 76 106 47 47 59 30 47 77 77 77 77 85 34 29 47 76 153 0 0 0 0 0 0 0 0 0 0 0 0 0 0 0 0 0 0 0 0 0 0 0 0 0 0 0 0 0 0 0 0 0 0 0 0 0 0 0 0 0 0 0 0 0 0 0 0 0 0 0 0 0 0 0 0 0 0 0 0 0 0 0 0 0 0 0 0 0 0 0 
0 0 0 0 0 0 76 102 55 68 34 42 34 42 51 76 153 0 0 0 0 0 0 0 0 0 0 0 0 0 0 0 0 0 0 0 0 0 0 0 0 0 0 0 0 0 0 0 0 0 0 25 0 21 25 76 0 0 0 0 0 0 0 0 0 0 0 0 0 0 0 0 0 0 0 0 0 0 0 0 0 0 0 0 0 0 0 0 0 0 0 
